1 0.49995 0.49995 0.0 

2 0.37492500374999993 0.499900005 0.12497500125 

3 0.3124062593746874 0.4998500149994999 0.18744375562481247 

4 0.28113751687387495 0.4998000299979999 0.218662513124125 

5 0.26549221405984375 0.49975004999500006 0.2342578359351563 

6 0.257657851166719 0.4997000749900006 0.24204222382328153 

7 0.25372856893642654 0.4996501049825015 0.24592153604607497 

8 0.2517516330327672 0.49960013997200325 0.247848506939236 

9 0.2507507739242335 0.49955017995800605 0.24879940603377254 
10 0.2502379056584231 0.49950022494001023 0.24926231928158715 