1 0.249975 0.49995 0.249975 

2 0.2499500025 0.499900005 0.2499500025 

3 0.24992500749975 0.4998500149995 0.24992500749975 

4 0.249900014999 0.499800029998 0.249900014999 

5 0.24987502499750008 0.49975004999500017 0.24987502499750008 

6 0.24985003749500032 0.49970007499000063 0.24985003749500032 

7 0.2498250524912508 0.4996501049825016 0.2498250524912508 

8 0.24980006998600168 0.49960013997200337 0.24980006998600168 

9 0.24977508997900305 0.4995501799580061 0.24977508997900305 

10 0.24975011247000517 0.49950022494001034 0.24975011247000517 